noise_percent=5.0
seed=20260221
best_kappa=[1.4532886440201611, 1.7969040857012861]
best_loss=0.0004057286855400066
optimization_success=True
optimization_message=CONVERGENCE: NORM OF PROJECTED GRADIENT <= PGTOL
