{
  "G0": {
    "voltages": [
      -0.1,
      0.1,
      0.2,
      0.3,
      0.4,
      0.5,
      0.6
    ],
    "global_max": {
      "n_residuals": 14,
      "n_params": 4,
      "singular_values": [
        10630.609377338576,
        817.8794748996324,
        77.70894902339374,
        2.5100616146166828
      ],
      "fim_eigenvalues": [
        6.3004093235906655,
        6038.680758307199,
        668926.8354621058,
        113009855.7335588
      ],
      "fim_eigenvectors": [
        [
          0.9993674447098045,
          0.031001195831385803,
          0.015253948417868549,
          -0.008423382271084955
        ],
        [
          0.03077714581279706,
          -0.9992971717139797,
          0.019456119925134262,
          0.00891006720050068
        ],
        [
          -0.01778375947387133,
          0.011622373809828472,
          0.8591899614605859,
          -0.5112154814277027
        ],
        [
          -0.0011025646416763007,
          0.017578648653679082,
          0.511059083257975,
          0.8593651080200079
        ]
      ],
      "fim_diagonal": [
        8186.1739068166835,
        15255.190424478764,
        30027946.595831804,
        83633439.59002547
      ],
      "correlation_matrix": [
        [
          1.0,
          -0.757945256534456,
          0.9992166751947822,
          -0.9823608011629374
        ],
        [
          -0.757945256534456,
          1.0,
          -0.7441353318143573,
          0.7718783189900474
        ],
        [
          0.9992166751947822,
          -0.7441353318143573,
          1.0,
          -0.9848457949493886
        ],
        [
          -0.9823608011629374,
          0.7718783189900474,
          -0.9848457949493886,
          1.0
        ]
      ],
      "condition_number": 17936906.94196887,
      "weak_eigvec": {
        "log_k0_1": 0.9993674447098045,
        "log_k0_2": 0.03077714581279706,
        "alpha_1": -0.01778375947387133,
        "alpha_2": -0.0011025646416763007
      },
      "weak_eigvec_canonical_ridge_cos": 0.03079363538390727,
      "weak_eigvec_log_k0_1_component": 0.9993674447098045,
      "sigma_cd_max": 0.0035603758708275058,
      "sigma_pc_max": 3.0875246647367565e-07,
      "sv_min": 2.5100616146166828,
      "sv_max": 10630.609377338576
    },
    "local_rel": {
      "n_residuals": 14,
      "n_params": 4,
      "singular_values": [
        56091.34625757348,
        1510.985371779326,
        102.2053116935308,
        5.35591929767392
      ],
      "fim_eigenvalues": [
        28.68587190373233,
        10445.925738016396,
        2283076.7937313206,
        3146239124.9870033
      ],
      "fim_eigenvectors": [
        [
          0.9997841575766895,
          0.01156787751254474,
          0.015000881884897172,
          -0.008532057852555775
        ],
        [
          0.011168626566482988,
          -0.9994136582607466,
          0.03120711301765455,
          0.00858589305741703
        ],
        [
          -0.017502938129316335,
          0.022048705684462273,
          0.8549008259803751,
          -0.5180271030289384
        ],
        [
          -0.0007397270638614333,
          0.0235027332318249,
          0.5176346852538498,
          0.8552785551834283
        ]
      ],
      "fim_diagonal": [
        229577.48258051724,
        244590.20507316384,
        845968415.8493384,
        2302090092.855353
      ],
      "correlation_matrix": [
        [
          1.0,
          -0.9686260860479139,
          0.9999304528939293,
          -0.9979109114093032
        ],
        [
          -0.9686260860479139,
          1.0,
          -0.9686029086492752,
          0.9751966490820089
        ],
        [
          0.9999304528939293,
          -0.9686029086492752,
          1.0,
          -0.998156583179678
        ],
        [
          -0.9979109114093032,
          0.9751966490820089,
          -0.998156583179678,
          1.0
        ]
      ],
      "condition_number": 109679048.12325558,
      "weak_eigvec": {
        "log_k0_1": 0.9997841575766895,
        "log_k0_2": 0.011168626566482988,
        "alpha_1": -0.017502938129316335,
        "alpha_2": -0.0007397270638614333
      },
      "weak_eigvec_canonical_ridge_cos": 0.011181834754452254,
      "weak_eigvec_log_k0_1_component": 0.9997841575766895,
      "sigma_cd_max": 0.0035603758708275058,
      "sigma_pc_max": 3.0875246647367565e-07,
      "sv_min": 5.35591929767392,
      "sv_max": 56091.34625757348
    }
  },
  "G_neg1": {
    "voltages": [
      -0.2,
      -0.1,
      0.1,
      0.2,
      0.3,
      0.4,
      0.5,
      0.6
    ],
    "global_max": {
      "n_residuals": 16,
      "n_params": 4,
      "singular_values": [
        6016.104658945526,
        139.05231265791556,
        0.7742004423214918,
        0.1763098908523452
      ],
      "fim_eigenvalues": [
        0.03108517689696583,
        0.5993863282776327,
        19335.545655517475,
        36193515.26738604
      ],
      "fim_eigenvectors": [
        [
          0.998714343968423,
          0.04241014573801139,
          0.026332478732731653,
          -0.00881131397654617
        ],
        [
          0.04234069407198338,
          -0.9990457810181516,
          0.0061123813247733125,
          0.008799536912506113
        ],
        [
          -0.026651354194373124,
          -0.0011023568503260952,
          0.8224501754500512,
          -0.5682114034680759
        ],
        [
          -0.008162726066161315,
          0.010377464896903353,
          0.5681944634194447,
          0.8227883870503833
        ]
      ],
      "fim_diagonal": [
        2823.47686457834,
        2803.8515386171407,
        11698669.349712506,
        24508554.76539735
      ],
      "correlation_matrix": [
        [
          1.0,
          -0.996284724880846,
          0.9993634878255789,
          -0.9963904274432857
        ],
        [
          -0.996284724880846,
          1.0,
          -0.9986687336902642,
          0.9998932738795798
        ],
        [
          0.9993634878255789,
          -0.9986687336902642,
          1.0,
          -0.9987799343427783
        ],
        [
          -0.9963904274432857,
          0.9998932738795798,
          -0.9987799343427783,
          1.0
        ]
      ],
      "condition_number": 1164333578.9065053,
      "weak_eigvec": {
        "log_k0_1": 0.998714343968423,
        "log_k0_2": 0.04234069407198338,
        "alpha_1": -0.026651354194373124,
        "alpha_2": -0.008162726066161315
      },
      "weak_eigvec_canonical_ridge_cos": 0.0425047493707987,
      "weak_eigvec_log_k0_1_component": 0.998714343968423,
      "sigma_cd_max": 0.0036034317137906956,
      "sigma_pc_max": 3.135697795508112e-05,
      "sv_min": 0.1763098908523452,
      "sv_max": 6016.104658945526
    },
    "local_rel": {
      "n_residuals": 16,
      "n_params": 4,
      "singular_values": [
        56411.75707613814,
        1552.1451400489336,
        102.9195289408207,
        6.4771940548256985
      ],
      "fim_eigenvalues": [
        41.95404313971398,
        10592.429437819366,
        2409154.5357777807,
        3182286336.4172225
      ],
      "fim_eigenvectors": [
        [
          0.999832090786865,
          0.007335854580373207,
          0.014461127961929979,
          -0.008535294277883937
        ],
        [
          0.006982022616726593,
          -0.9995073804998537,
          0.02936810172989703,
          0.00858849738212476
        ],
        [
          -0.016938410358014678,
          0.020535803988916065,
          0.8546000510057628,
          -0.5186040144754184
        ],
        [
          -0.00036310809519463994,
          0.02257127197180644,
          0.5182539369843694,
          0.8549288055939436
        ]
      ],
      "fim_diagonal": [
        232379.85495827592,
        247392.57755289358,
        857635813.6493677,
        2326590539.254601
      ],
      "correlation_matrix": [
        [
          1.0,
          -0.9689871663050136,
          0.9999077782817788,
          -0.9979083166841007
        ],
        [
          -0.9689871663050136,
          1.0,
          -0.9689415904370858,
          0.9754603820756101
        ],
        [
          0.9999077782817788,
          -0.9689415904370858,
          1.0,
          -0.9980793836664773
        ],
        [
          -0.9979083166841007,
          0.9754603820756101,
          -0.9980793836664773,
          1.0
        ]
      ],
      "condition_number": 75851720.07903211,
      "weak_eigvec": {
        "log_k0_1": 0.999832090786865,
        "log_k0_2": 0.006982022616726593,
        "alpha_1": -0.016938410358014678,
        "alpha_2": -0.00036310809519463994
      },
      "weak_eigvec_canonical_ridge_cos": 0.006988166750925975,
      "weak_eigvec_log_k0_1_component": 0.999832090786865,
      "sigma_cd_max": 0.0036034317137906956,
      "sigma_pc_max": 3.135697795508112e-05,
      "sv_min": 6.4771940548256985,
      "sv_max": 56411.75707613814
    }
  },
  "G_neg2": {
    "voltages": [
      -0.3,
      -0.2,
      -0.1,
      0.1,
      0.2,
      0.3,
      0.4,
      0.5,
      0.6
    ],
    "global_max": {
      "n_residuals": 18,
      "n_params": 4,
      "singular_values": [
        2689.052267680966,
        132.86244815635396,
        0.3237219789183056,
        0.019211026746062457
      ],
      "fim_eigenvalues": [
        0.00036906315257707135,
        0.10479591902531435,
        17652.43013010045,
        7231002.098320142
      ],
      "fim_eigenvectors": [
        [
          -0.23639617375610547,
          0.9712362558595751,
          0.027435680877472897,
          -0.00801671704228689
        ],
        [
          -0.971559189401538,
          -0.23658250578898307,
          0.006145665472136432,
          0.007980616513531531
        ],
        [
          0.006326197613418521,
          -0.025890051741233603,
          0.7932984442170221,
          -0.6082493426609218
        ],
        [
          0.012229871080877381,
          -0.007652351227919443,
          0.6081834366484714,
          0.7936654075619545
        ]
      ],
      "fim_diagonal": [
        478.1064020798893,
        461.2171907876051,
        2686343.124106435,
        4561372.185915926
      ],
      "correlation_matrix": [
        [
          1.0,
          -0.9788947649670743,
          0.9945812236434224,
          -0.9788882889391001
        ],
        [
          -0.9788947649670743,
          1.0,
          -0.994756885591782,
          0.9999932502068763
        ],
        [
          0.9945812236434224,
          -0.994756885591782,
          1.0,
          -0.9947826329523689
        ],
        [
          -0.9788882889391001,
          0.9999932502068763,
          -0.9947826329523689,
          1.0
        ]
      ],
      "condition_number": 19592858424.982143,
      "weak_eigvec": {
        "log_k0_1": -0.23639617375610547,
        "log_k0_2": -0.971559189401538,
        "alpha_1": 0.006326197613418521,
        "alpha_2": 0.012229871080877381
      },
      "weak_eigvec_canonical_ridge_cos": 0.9715995059044845,
      "weak_eigvec_log_k0_1_component": 0.23639617375610547,
      "sigma_cd_max": 0.0036344400726247357,
      "sigma_pc_max": 0.0013013828133608563,
      "sv_min": 0.019211026746062457,
      "sv_max": 2689.052267680966
    },
    "local_rel": {
      "n_residuals": 18,
      "n_params": 4,
      "singular_values": [
        56474.81106809764,
        1578.2507223235668,
        103.14269144027591,
        8.487414892612659
      ],
      "fim_eigenvalues": [
        72.03621209835838,
        10638.41479790036,
        2490875.3425149824,
        3189404285.177324
      ],
      "fim_eigenvectors": [
        [
          0.9998608000971448,
          0.003802480117598681,
          0.013823543369511781,
          -0.008534121089125117
        ],
        [
          0.003479561722249636,
          -0.9995487832284048,
          0.028572392305856526,
          0.008587257697111586
        ],
        [
          -0.016317817962456266,
          0.019912240341587322,
          0.8545024954758027,
          -0.5188089404849815
        ],
        [
          4.354609685890812e-05,
          0.022164696617581907,
          0.5184766275081816,
          0.8548044870350939
        ]
      ],
      "fim_diagonal": [
        232836.3661993308,
        247852.16684596456,
        860287500.0714083,
        2331137682.3663955
      ],
      "correlation_matrix": [
        [
          1.0,
          -0.9690455794569429,
          0.999844690651819,
          -0.9979124007890949
        ],
        [
          -0.9690455794569429,
          1.0,
          -0.9689404774262462,
          0.9755064566109166
        ],
        [
          0.999844690651819,
          -0.9689404774262462,
          1.0,
          -0.998019611624009
        ],
        [
          -0.9979124007890949,
          0.9755064566109166,
          -0.998019611624009,
          1.0
        ]
      ],
      "condition_number": 44275013.80586899,
      "weak_eigvec": {
        "log_k0_1": 0.9998608000971448,
        "log_k0_2": 0.003479561722249636,
        "alpha_1": -0.016317817962456266,
        "alpha_2": 4.354609685890812e-05
      },
      "weak_eigvec_canonical_ridge_cos": 0.003477848098960154,
      "weak_eigvec_log_k0_1_component": 0.9998608000971448,
      "sigma_cd_max": 0.0036344400726247357,
      "sigma_pc_max": 0.0013013828133608563,
      "sv_min": 8.487414892612659,
      "sv_max": 56474.81106809764
    }
  },
  "G_neg3": {
    "voltages": [
      -0.5,
      -0.4,
      -0.3,
      -0.2,
      -0.1,
      0.1,
      0.2,
      0.3,
      0.4,
      0.5,
      0.6
    ],
    "global_max": {
      "n_residuals": 22,
      "n_params": 4,
      "singular_values": [
        1023.0026135965941,
        130.77943954474256,
        0.5128639811374861,
        0.02609782290056187
      ],
      "fim_eigenvalues": [
        0.0006810965185836065,
        0.26302946304118174,
        17103.26180763693,
        1046534.3474254627
      ],
      "fim_eigenvectors": [
        [
          -0.03233969461815656,
          0.9990748258580516,
          0.02711042847160386,
          -0.008286202797110549
        ],
        [
          -0.9994225797334509,
          -0.032455228192583424,
          0.006251185712071254,
          0.007879591302544993
        ],
        [
          0.0008645214303561601,
          -0.02638367610846675,
          0.78361255726944,
          -0.6206887419047881
        ],
        [
          0.01038767893397932,
          -0.010002606394099235,
          0.620626544255825,
          0.7839736835868676
        ]
      ],
      "fim_diagonal": [
        84.68927814814803,
        65.64648880728326,
        413684.31657838996,
        649803.2205983136
      ],
      "correlation_matrix": [
        [
          1.0,
          -0.8776564465887425,
          0.9707411219084224,
          -0.8776513439725218
        ],
        [
          -0.8776564465887425,
          1.0,
          -0.9661023305336299,
          0.9999926970350531
        ],
        [
          0.9707411219084224,
          -0.9661023305336299,
          1.0,
          -0.9661648192757407
        ],
        [
          -0.8776513439725218,
          0.9999926970350531,
          -0.9661648192757407,
          1.0
        ]
      ],
      "condition_number": 1536543380.9613545,
      "weak_eigvec": {
        "log_k0_1": -0.03233969461815656,
        "log_k0_2": -0.9994225797334509,
        "alpha_1": 0.0008645214303561601,
        "alpha_2": 0.01038767893397932
      },
      "weak_eigvec_canonical_ridge_cos": 0.9994174048798447,
      "weak_eigvec_log_k0_1_component": 0.03233969461815656,
      "sigma_cd_max": 0.003682053583815704,
      "sigma_pc_max": 0.0036261934288103403,
      "sv_min": 0.02609782290056187,
      "sv_max": 1023.0026135965941
    },
    "local_rel": {
      "n_residuals": 22,
      "n_params": 4,
      "singular_values": [
        56475.934726212035,
        1579.2179446463683,
        103.15059671247991,
        8.552218504714489
      ],
      "fim_eigenvalues": [
        73.14044026249653,
        10640.045602490249,
        2493929.316693276,
        3189531203.1993647
      ],
      "fim_eigenvectors": [
        [
          0.99986159773288,
          0.003675106699144779,
          0.013800300160761598,
          -0.008534089598517541
        ],
        [
          0.003353286277132896,
          -0.9995500279689208,
          0.028543942227091276,
          0.008587224266889985
        ],
        [
          -0.016295319776027786,
          0.019889938372316597,
          0.8545002373600977,
          -0.5188142222958806
        ],
        [
          5.8340323378653615e-05,
          0.02215006838872367,
          0.518482535317388,
          0.8548012819583481
        ]
      ],
      "fim_diagonal": [
        232843.97170273526,
        247859.79107037943,
        860341362.291499,
        2331213779.647827
      ],
      "correlation_matrix": [
        [
          1.0,
          -0.9690465467968219,
          0.9998422828003727,
          -0.9979124689541063
        ],
        [
          -0.9690465467968219,
          1.0,
          -0.9689391264942528,
          0.9755072191152383
        ],
        [
          0.9998422828003727,
          -0.9689391264942528,
          1.0,
          -0.9980172867113493
        ],
        [
          -0.9979124689541063,
          0.9755072191152383,
          -0.9980172867113493,
          1.0
        ]
      ],
      "condition_number": 43608312.88070367,
      "weak_eigvec": {
        "log_k0_1": 0.99986159773288,
        "log_k0_2": 0.003353286277132896,
        "alpha_1": -0.016295319776027786,
        "alpha_2": 5.8340323378653615e-05
      },
      "weak_eigvec_canonical_ridge_cos": 0.0033512865266273244,
      "weak_eigvec_log_k0_1_component": 0.99986159773288,
      "sigma_cd_max": 0.003682053583815704,
      "sigma_pc_max": 0.0036261934288103403,
      "sv_min": 8.552218504714489,
      "sv_max": 56475.934726212035
    }
  }
}