noise_percent=0.0
best_kappa=[1.0015107464849604, 1.9979921747967506]
best_loss=1.490051935967549e-08
optimization_success=True
optimization_message=CONVERGENCE: NORM OF PROJECTED GRADIENT <= PGTOL
