{
  "config": {
    "input_dir": "/Users/jakeweinstein/Desktop/ResearchForwardSolverClone/FireDrakeEnvCG/PNPInverse/StudyResults/v20_voltage_grid_fim_ablation/unified_13V_cap50_lograte",
    "unified_V_grid": [
      -0.2,
      -0.1,
      0.0,
      0.1,
      0.15,
      0.2,
      0.25,
      0.3,
      0.4,
      0.5,
      0.6
    ],
    "rel_noise": 0.02,
    "noise_models": [
      "global_max",
      "local_rel"
    ]
  },
  "grids_by_noise_model": {
    "global_max": [
      {
        "grid_name": "G0_current",
        "noise_model": "global_max",
        "V_grid": [
          -0.1,
          0.1,
          0.2,
          0.3,
          0.4,
          0.5,
          0.6
        ],
        "n_voltages": 7,
        "sv_min": 2.5100616146166828,
        "sv_max": 10630.609377338576,
        "cond_F": 17936906.94196887,
        "ridge_cos": 0.03079363538390727,
        "weak_eigvec_log_k0_1_component": 0.9993674447098045,
        "weak_eigvec": {
          "log_k0_1": 0.9993674447098045,
          "log_k0_2": 0.03077714581279706,
          "alpha_1": -0.01778375947387133,
          "alpha_2": -0.0011025646416763007
        },
        "fim_diagonal": [
          8186.1739068166835,
          15255.190424478764,
          30027946.595831804,
          83633439.59002547
        ],
        "correlation_matrix": [
          [
            1.0,
            -0.757945256534456,
            0.9992166751947822,
            -0.9823608011629374
          ],
          [
            -0.757945256534456,
            1.0,
            -0.7441353318143573,
            0.7718783189900474
          ],
          [
            0.9992166751947822,
            -0.7441353318143573,
            1.0,
            -0.9848457949493886
          ],
          [
            -0.9823608011629374,
            0.7718783189900474,
            -0.9848457949493886,
            1.0
          ]
        ],
        "leverage_by_voltage": {
          "-0.10": 0.9787337558361615,
          "+0.10": 2.4958518537200364e-07,
          "+0.20": 0.00025549897897950667,
          "+0.30": 0.0003138560406016751,
          "+0.40": 2.199625092662655e-05,
          "+0.50": 0.020674643138451593,
          "+0.60": 1.6969373156486882e-10
        },
        "weak_dir_contribution_by_voltage": {
          "-0.10": 0.001165990964439823,
          "+0.10": 0.0002264904938233338,
          "+0.20": 0.3700528521253456,
          "+0.30": 0.212814187466578,
          "+0.40": 0.3752000752490018,
          "+0.50": 0.04053387005272809,
          "+0.60": 6.533648083240499e-06
        }
      },
      {
        "grid_name": "G1_add_zero",
        "noise_model": "global_max",
        "V_grid": [
          -0.1,
          0.0,
          0.1,
          0.2,
          0.3,
          0.4,
          0.5,
          0.6
        ],
        "n_voltages": 8,
        "sv_min": 2.511907765683339,
        "sv_max": 10630.903953096928,
        "cond_F": 17911543.456696775,
        "ridge_cos": 0.030792390291175642,
        "weak_eigvec_log_k0_1_component": 0.999367491528224,
        "weak_eigvec": {
          "log_k0_1": 0.999367491528224,
          "log_k0_2": 0.030775908294334617,
          "alpha_1": -0.017783293017013486,
          "alpha_2": -0.0011021954068559435
        },
        "fim_diagonal": [
          8186.664515656486,
          15255.681038825775,
          30029321.206050873,
          83638342.60927616
        ],
        "correlation_matrix": [
          [
            1.0,
            -0.7579542582902786,
            0.9992162407322939,
            -0.9823618430911601
          ],
          [
            -0.7579542582902786,
            1.0,
            -0.7441447028558594,
            0.7718867022922004
          ],
          [
            0.9992162407322939,
            -0.7441447028558594,
            1.0,
            -0.9848461892453114
          ],
          [
            -0.9823618430911601,
            0.7718867022922004,
            -0.9848461892453114,
            1.0
          ]
        ],
        "leverage_by_voltage": {
          "-0.10": 0.9786797050978719,
          "+0.00": 5.52251702439161e-05,
          "+0.10": 2.4957140198765114e-07,
          "+0.20": 0.0002554848690048954,
          "+0.30": 0.0003138387078484008,
          "+0.40": 2.19950361799244e-05,
          "+0.50": 0.020673501377764542,
          "+0.60": 1.6968436019965383e-10
        },
        "weak_dir_contribution_by_voltage": {
          "-0.10": 0.0011822691233879482,
          "+0.00": 0.0014692624068715972,
          "+0.10": 0.00022618706459041625,
          "+0.20": 0.36954767117742504,
          "+0.30": 0.21255794555104537,
          "+0.40": 0.3746188059156848,
          "+0.50": 0.04039133457454758,
          "+0.60": 6.524186446908225e-06
        }
      },
      {
        "grid_name": "G2_densify_R1_onset",
        "noise_model": "global_max",
        "V_grid": [
          -0.1,
          0.0,
          0.1,
          0.15,
          0.2,
          0.25,
          0.3,
          0.4,
          0.5,
          0.6
        ],
        "n_voltages": 10,
        "sv_min": 2.538856130498415,
        "sv_max": 10630.93450232978,
        "cond_F": 17533422.698655307,
        "ridge_cos": 0.03082866552525837,
        "weak_eigvec_log_k0_1_component": 0.9993660110578696,
        "weak_eigvec": {
          "log_k0_1": 0.9993660110578696,
          "log_k0_2": 0.030811931749349777,
          "alpha_1": -0.01780333911426971,
          "alpha_2": -0.0011144148861126516
        },
        "fim_diagonal": [
          8188.220849441584,
          15255.681039798706,
          30031804.51206335,
          83638342.60986544
        ],
        "correlation_matrix": [
          [
            1.0,
            -0.7578822227205266,
            0.9992049659513306,
            -0.9822684800989574
          ],
          [
            -0.7578822227205266,
            1.0,
            -0.7441139358094975,
            0.771886702269706
          ],
          [
            0.9992049659513306,
            -0.7441139358094975,
            1.0,
            -0.9848054704071256
          ],
          [
            -0.9822684800989574,
            0.771886702269706,
            -0.9848054704071256,
            1.0
          ]
        ],
        "leverage_by_voltage": {
          "-0.10": 0.9786583152824565,
          "+0.00": 5.522396325434468e-05,
          "+0.10": 2.4956594740818686e-07,
          "+0.15": 1.903716468886679e-05,
          "+0.20": 0.00025547928518195414,
          "+0.25": 2.818622556016911e-06,
          "+0.30": 0.00031383184865637286,
          "+0.40": 2.1994555461093208e-05,
          "+0.50": 0.020673049542116823,
          "+0.60": 1.696806516143785e-10
        },
        "weak_dir_contribution_by_voltage": {
          "-0.10": 0.0012376670214947064,
          "+0.00": 0.0014408117464841446,
          "+0.10": 0.00022017572161428617,
          "+0.15": 0.013770983972018863,
          "+0.20": 0.36012476472119137,
          "+0.25": 0.007289835988001546,
          "+0.30": 0.20604622774663414,
          "+0.40": 0.3675617000842492,
          "+0.50": 0.04230145150372477,
          "+0.60": 6.3814945864070055e-06
        }
      },
      {
        "grid_name": "G3_add_mild_negative",
        "noise_model": "global_max",
        "V_grid": [
          -0.2,
          -0.1,
          0.0,
          0.1,
          0.15,
          0.2,
          0.25,
          0.3,
          0.4,
          0.5,
          0.6
        ],
        "n_voltages": 11,
        "sv_min": 0.21582639537133122,
        "sv_max": 6016.169813513981,
        "cond_F": 777017890.9640183,
        "ridge_cos": 0.04348642313314897,
        "weak_eigvec_log_k0_1_component": 0.9986764466476441,
        "weak_eigvec": {
          "log_k0_1": 0.9986764466476441,
          "log_k0_2": 0.043324352426841455,
          "alpha_1": -0.026515481086445213,
          "alpha_2": -0.008079892374551508
        },
        "fim_diagonal": [
          2824.996257809413,
          2803.8515861828064,
          11701093.77063751,
          24508555.24075022
        ],
        "correlation_matrix": [
          [
            1.0,
            -0.9960167769116214,
            0.999324039304076,
            -0.9961224509862356
          ],
          [
            -0.9960167769116214,
            1.0,
            -0.9985652736380259,
            0.9998932738408243
          ],
          [
            0.999324039304076,
            -0.9985652736380259,
            1.0,
            -0.998676462508403
          ],
          [
            -0.9961224509862356,
            0.9998932738408243,
            -0.998676462508403,
            1.0
          ]
        ],
        "leverage_by_voltage": {
          "-0.20": 0.998844992567512,
          "-0.10": 0.000297870656606229,
          "+0.00": 1.6849219777705085e-08,
          "+0.10": 7.564507256920018e-07,
          "+0.15": 5.834448670358605e-05,
          "+0.20": 0.0007829856641848669,
          "+0.25": 8.638445994786501e-06,
          "+0.30": 9.552708587999069e-08,
          "+0.40": 6.694909383542794e-09,
          "+0.50": 6.292657006031934e-06,
          "+0.60": 5.164899052896163e-14
        },
        "weak_dir_contribution_by_voltage": {
          "-0.20": 0.0001640932442058238,
          "-0.10": 0.3979868100624596,
          "+0.00": 0.0001338731622962748,
          "+0.10": 0.0015979537549896637,
          "+0.15": 0.2446359582013115,
          "+0.20": 0.027392096584283068,
          "+0.25": 0.07673890392659896,
          "+0.30": 0.0026354947891235,
          "+0.40": 0.009687225894436045,
          "+0.50": 0.23902753589028583,
          "+0.60": 5.4490009082369004e-08
        }
      },
      {
        "grid_name": "G4_add_strong_negative",
        "noise_model": "global_max",
        "V_grid": [
          -0.1,
          0.0,
          0.1,
          0.15,
          0.2,
          0.25,
          0.3,
          0.4,
          0.5,
          0.6
        ],
        "n_voltages": 10,
        "sv_min": 2.538856130498415,
        "sv_max": 10630.93450232978,
        "cond_F": 17533422.698655307,
        "ridge_cos": 0.03082866552525837,
        "weak_eigvec_log_k0_1_component": 0.9993660110578696,
        "weak_eigvec": {
          "log_k0_1": 0.9993660110578696,
          "log_k0_2": 0.030811931749349777,
          "alpha_1": -0.01780333911426971,
          "alpha_2": -0.0011144148861126516
        },
        "fim_diagonal": [
          8188.220849441584,
          15255.681039798706,
          30031804.51206335,
          83638342.60986544
        ],
        "correlation_matrix": [
          [
            1.0,
            -0.7578822227205266,
            0.9992049659513306,
            -0.9822684800989574
          ],
          [
            -0.7578822227205266,
            1.0,
            -0.7441139358094975,
            0.771886702269706
          ],
          [
            0.9992049659513306,
            -0.7441139358094975,
            1.0,
            -0.9848054704071256
          ],
          [
            -0.9822684800989574,
            0.771886702269706,
            -0.9848054704071256,
            1.0
          ]
        ],
        "leverage_by_voltage": {
          "-0.10": 0.9786583152824565,
          "+0.00": 5.522396325434468e-05,
          "+0.10": 2.4956594740818686e-07,
          "+0.15": 1.903716468886679e-05,
          "+0.20": 0.00025547928518195414,
          "+0.25": 2.818622556016911e-06,
          "+0.30": 0.00031383184865637286,
          "+0.40": 2.1994555461093208e-05,
          "+0.50": 0.020673049542116823,
          "+0.60": 1.696806516143785e-10
        },
        "weak_dir_contribution_by_voltage": {
          "-0.10": 0.0012376670214947064,
          "+0.00": 0.0014408117464841446,
          "+0.10": 0.00022017572161428617,
          "+0.15": 0.013770983972018863,
          "+0.20": 0.36012476472119137,
          "+0.25": 0.007289835988001546,
          "+0.30": 0.20604622774663414,
          "+0.40": 0.3675617000842492,
          "+0.50": 0.04230145150372477,
          "+0.60": 6.3814945864070055e-06
        }
      },
      {
        "grid_name": "G_best_candidate",
        "noise_model": "global_max",
        "V_grid": [
          -0.2,
          -0.1,
          0.0,
          0.1,
          0.15,
          0.2,
          0.25,
          0.3,
          0.4,
          0.5,
          0.6
        ],
        "n_voltages": 11,
        "sv_min": 0.21582639537133122,
        "sv_max": 6016.169813513981,
        "cond_F": 777017890.9640183,
        "ridge_cos": 0.04348642313314897,
        "weak_eigvec_log_k0_1_component": 0.9986764466476441,
        "weak_eigvec": {
          "log_k0_1": 0.9986764466476441,
          "log_k0_2": 0.043324352426841455,
          "alpha_1": -0.026515481086445213,
          "alpha_2": -0.008079892374551508
        },
        "fim_diagonal": [
          2824.996257809413,
          2803.8515861828064,
          11701093.77063751,
          24508555.24075022
        ],
        "correlation_matrix": [
          [
            1.0,
            -0.9960167769116214,
            0.999324039304076,
            -0.9961224509862356
          ],
          [
            -0.9960167769116214,
            1.0,
            -0.9985652736380259,
            0.9998932738408243
          ],
          [
            0.999324039304076,
            -0.9985652736380259,
            1.0,
            -0.998676462508403
          ],
          [
            -0.9961224509862356,
            0.9998932738408243,
            -0.998676462508403,
            1.0
          ]
        ],
        "leverage_by_voltage": {
          "-0.20": 0.998844992567512,
          "-0.10": 0.000297870656606229,
          "+0.00": 1.6849219777705085e-08,
          "+0.10": 7.564507256920018e-07,
          "+0.15": 5.834448670358605e-05,
          "+0.20": 0.0007829856641848669,
          "+0.25": 8.638445994786501e-06,
          "+0.30": 9.552708587999069e-08,
          "+0.40": 6.694909383542794e-09,
          "+0.50": 6.292657006031934e-06,
          "+0.60": 5.164899052896163e-14
        },
        "weak_dir_contribution_by_voltage": {
          "-0.20": 0.0001640932442058238,
          "-0.10": 0.3979868100624596,
          "+0.00": 0.0001338731622962748,
          "+0.10": 0.0015979537549896637,
          "+0.15": 0.2446359582013115,
          "+0.20": 0.027392096584283068,
          "+0.25": 0.07673890392659896,
          "+0.30": 0.0026354947891235,
          "+0.40": 0.009687225894436045,
          "+0.50": 0.23902753589028583,
          "+0.60": 5.4490009082369004e-08
        }
      }
    ],
    "local_rel": [
      {
        "grid_name": "G0_current",
        "noise_model": "local_rel",
        "V_grid": [
          -0.1,
          0.1,
          0.2,
          0.3,
          0.4,
          0.5,
          0.6
        ],
        "n_voltages": 7,
        "sv_min": 66.8999461914963,
        "sv_max": 56105.3752581036,
        "cond_F": 703327.1881639444,
        "ridge_cos": 0.05560430661152678,
        "weak_eigvec_log_k0_1_component": 0.9982268032070669,
        "weak_eigvec": {
          "log_k0_1": 0.9982268032070669,
          "log_k0_2": 0.055544952015665436,
          "alpha_1": -0.02113233531230381,
          "alpha_2": -0.003381134251313967
        },
        "fim_diagonal": [
          235182.0352289003,
          244802.03929456903,
          846185768.7456306,
          2303877472.4606223
        ],
        "correlation_matrix": [
          [
            1.0,
            -0.9583022411473003,
            0.9902913048821305,
            -0.9871772442420783
          ],
          [
            -0.9583022411473003,
            1.0,
            -0.9682360271153563,
            0.9752157794756304
          ],
          [
            0.9902913048821305,
            -0.9682360271153563,
            1.0,
            -0.9978084196216065
          ],
          [
            -0.9871772442420783,
            0.9752157794756304,
            -0.9978084196216065,
            1.0
          ]
        ],
        "leverage_by_voltage": {
          "-0.10": 0.9967754803084403,
          "+0.10": 1.0714380532696962e-08,
          "+0.20": 4.728360452361654e-05,
          "+0.30": 1.8646228558295866e-05,
          "+0.40": 1.587761425513597e-06,
          "+0.50": 0.0025188202720747305,
          "+0.60": 0.0006381711105972037
        },
        "weak_dir_contribution_by_voltage": {
          "-0.10": 0.00027558508658626643,
          "+0.10": 1.0754748318773979e-07,
          "+0.20": 0.0010368562868892778,
          "+0.30": 0.004354483102888818,
          "+0.40": 0.003437722104104343,
          "+0.50": 0.006992195963691475,
          "+0.60": 0.9839030499083572
        }
      },
      {
        "grid_name": "G1_add_zero",
        "noise_model": "local_rel",
        "V_grid": [
          -0.1,
          0.0,
          0.1,
          0.2,
          0.3,
          0.4,
          0.5,
          0.6
        ],
        "n_voltages": 8,
        "sv_min": 66.90004443357779,
        "sv_max": 56105.43212213564,
        "cond_F": 703326.548310824,
        "ridge_cos": 0.055602508068395874,
        "weak_eigvec_log_k0_1_component": 0.9982269077778211,
        "weak_eigvec": {
          "log_k0_1": 0.9982269077778211,
          "log_k0_2": 0.05554315607534724,
          "alpha_1": -0.021132138776939268,
          "alpha_2": -0.0033809927878438463
        },
        "fim_diagonal": [
          235182.5354681577,
          244802.53953942566,
          846187170.3387929,
          2303882471.7236423
        ],
        "correlation_matrix": [
          [
            1.0,
            -0.9583023276774988,
            0.9902913085530284,
            -0.9871772716831622
          ],
          [
            -0.9583023276774988,
            1.0,
            -0.968236075721798,
            0.9752158307392458
          ],
          [
            0.9902913085530284,
            -0.968236075721798,
            1.0,
            -0.9978084065022073
          ],
          [
            -0.9871772716831622,
            0.9752158307392458,
            -0.9978084065022073,
            1.0
          ]
        ],
        "leverage_by_voltage": {
          "-0.10": 0.9967734548797027,
          "+0.00": 2.0319808999393282e-06,
          "+0.10": 1.0714358761280363e-08,
          "+0.20": 4.728350844423526e-05,
          "+0.30": 1.8646190669515577e-05,
          "+0.40": 1.5877581992127064e-06,
          "+0.50": 0.0025188151538800474,
          "+0.60": 0.000638169813845696
        },
        "weak_dir_contribution_by_voltage": {
          "-0.10": 0.0002756586231955059,
          "+0.00": 2.936945587473919e-06,
          "+0.10": 1.0755816955635163e-07,
          "+0.20": 0.0010369272777507915,
          "+0.30": 0.0043543181073651925,
          "+0.40": 0.003437489792811458,
          "+0.50": 0.006991497019157021,
          "+0.60": 0.9839010646759632
        }
      },
      {
        "grid_name": "G2_densify_R1_onset",
        "noise_model": "local_rel",
        "V_grid": [
          -0.1,
          0.0,
          0.1,
          0.15,
          0.2,
          0.25,
          0.3,
          0.4,
          0.5,
          0.6
        ],
        "n_voltages": 10,
        "sv_min": 67.67473818501678,
        "sv_max": 56111.382841528306,
        "cond_F": 687462.1233668163,
        "ridge_cos": 0.09329208426053986,
        "weak_eigvec_log_k0_1_component": 0.9953161926411523,
        "weak_eigvec": {
          "log_k0_1": 0.9953161926411523,
          "log_k0_2": 0.09318280728723723,
          "alpha_1": -0.025001682327838955,
          "alpha_2": -0.006128374431064889
        },
        "fim_diagonal": [
          237409.56802432807,
          244802.53954039904,
          848673223.5298308,
          2303882471.7242346
        ],
        "correlation_matrix": [
          [
            1.0,
            -0.9537970367574707,
            0.9894328359664516,
            -0.9825362287881654
          ],
          [
            -0.9537970367574707,
            1.0,
            -0.9668168896611876,
            0.975215830737413
          ],
          [
            0.9894328359664516,
            -0.9668168896611876,
            1.0,
            -0.9963458741595078
          ],
          [
            -0.9825362287881654,
            0.975215830737413,
            -0.9963458741595078,
            1.0
          ]
        ],
        "leverage_by_voltage": {
          "-0.10": 0.9959868320262377,
          "+0.00": 2.030377323313294e-06,
          "+0.10": 1.070590331995557e-08,
          "+0.15": 1.0340585261291298e-06,
          "+0.20": 4.724619375838347e-05,
          "+0.25": 0.0007881350847874464,
          "+0.30": 1.863147567119886e-05,
          "+0.40": 1.5865051894348447e-06,
          "+0.50": 0.0025168273826828946,
          "+0.60": 0.0006376661899204148
        },
        "weak_dir_contribution_by_voltage": {
          "-0.10": 0.0004749934086072148,
          "+0.00": 4.000467535818785e-06,
          "+0.10": 5.69412779232498e-09,
          "+0.15": 5.643131537883333e-07,
          "+0.20": 8.700516238891773e-05,
          "+0.25": 0.01246403590901453,
          "+0.30": 0.009439354679208086,
          "+0.40": 0.009452790235052612,
          "+0.50": 0.024855505536785956,
          "+0.60": 0.9432217445941258
        }
      },
      {
        "grid_name": "G3_add_mild_negative",
        "noise_model": "local_rel",
        "V_grid": [
          -0.2,
          -0.1,
          0.0,
          0.1,
          0.15,
          0.2,
          0.25,
          0.3,
          0.4,
          0.5,
          0.6
        ],
        "n_voltages": 11,
        "sv_min": 68.05047731511755,
        "sv_max": 56431.68603869524,
        "cond_F": 687675.7356493742,
        "ridge_cos": 0.08563899700348772,
        "weak_eigvec_log_k0_1_component": 0.9960183695383138,
        "weak_eigvec": {
          "log_k0_1": 0.9960183695383138,
          "log_k0_2": 0.08553647538357974,
          "alpha_1": -0.024455922352734256,
          "alpha_2": -0.005729466211650971
        },
        "fim_diagonal": [
          240211.94040208674,
          247604.91202012877,
          860340621.3298601,
          2328382918.1234827
        ],
        "correlation_matrix": [
          [
            1.0,
            -0.954326670650194,
            0.989530037152255,
            -0.9827150676757128
          ],
          [
            -0.954326670650194,
            1.0,
            -0.9671783817135396,
            0.9754791569630982
          ],
          [
            0.989530037152255,
            -0.9671783817135396,
            1.0,
            -0.9962924691236532
          ],
          [
            -0.9827150676757128,
            0.9754791569630982,
            -0.9962924691236532,
            1.0
          ]
        ],
        "leverage_by_voltage": {
          "-0.20": 0.011342443288561582,
          "-0.10": 0.9846899078678258,
          "+0.00": 2.007347883669231e-06,
          "+0.10": 1.058447221869615e-08,
          "+0.15": 1.0223297759394564e-06,
          "+0.20": 4.671030648507861e-05,
          "+0.25": 0.000779195707284519,
          "+0.30": 1.842014921501607e-05,
          "+0.40": 1.568510344296671e-06,
          "+0.50": 0.0024882804108277146,
          "+0.60": 0.0006304334973242093
        },
        "weak_dir_contribution_by_voltage": {
          "-0.20": 0.010512494646564015,
          "-0.10": 0.00010919471082711093,
          "+0.00": 3.847952027280753e-06,
          "+0.10": 5.953292850991809e-09,
          "+0.15": 7.563198383344772e-08,
          "+0.20": 0.00015567507192429177,
          "+0.25": 0.015413138409353905,
          "+0.30": 0.007950726610369382,
          "+0.40": 0.007876970824350396,
          "+0.50": 0.021970047570710742,
          "+0.60": 0.9360078226185957
        }
      },
      {
        "grid_name": "G4_add_strong_negative",
        "noise_model": "local_rel",
        "V_grid": [
          -0.1,
          0.0,
          0.1,
          0.15,
          0.2,
          0.25,
          0.3,
          0.4,
          0.5,
          0.6
        ],
        "n_voltages": 10,
        "sv_min": 67.67473818501678,
        "sv_max": 56111.382841528306,
        "cond_F": 687462.1233668163,
        "ridge_cos": 0.09329208426053986,
        "weak_eigvec_log_k0_1_component": 0.9953161926411523,
        "weak_eigvec": {
          "log_k0_1": 0.9953161926411523,
          "log_k0_2": 0.09318280728723723,
          "alpha_1": -0.025001682327838955,
          "alpha_2": -0.006128374431064889
        },
        "fim_diagonal": [
          237409.56802432807,
          244802.53954039904,
          848673223.5298308,
          2303882471.7242346
        ],
        "correlation_matrix": [
          [
            1.0,
            -0.9537970367574707,
            0.9894328359664516,
            -0.9825362287881654
          ],
          [
            -0.9537970367574707,
            1.0,
            -0.9668168896611876,
            0.975215830737413
          ],
          [
            0.9894328359664516,
            -0.9668168896611876,
            1.0,
            -0.9963458741595078
          ],
          [
            -0.9825362287881654,
            0.975215830737413,
            -0.9963458741595078,
            1.0
          ]
        ],
        "leverage_by_voltage": {
          "-0.10": 0.9959868320262377,
          "+0.00": 2.030377323313294e-06,
          "+0.10": 1.070590331995557e-08,
          "+0.15": 1.0340585261291298e-06,
          "+0.20": 4.724619375838347e-05,
          "+0.25": 0.0007881350847874464,
          "+0.30": 1.863147567119886e-05,
          "+0.40": 1.5865051894348447e-06,
          "+0.50": 0.0025168273826828946,
          "+0.60": 0.0006376661899204148
        },
        "weak_dir_contribution_by_voltage": {
          "-0.10": 0.0004749934086072148,
          "+0.00": 4.000467535818785e-06,
          "+0.10": 5.69412779232498e-09,
          "+0.15": 5.643131537883333e-07,
          "+0.20": 8.700516238891773e-05,
          "+0.25": 0.01246403590901453,
          "+0.30": 0.009439354679208086,
          "+0.40": 0.009452790235052612,
          "+0.50": 0.024855505536785956,
          "+0.60": 0.9432217445941258
        }
      },
      {
        "grid_name": "G_best_candidate",
        "noise_model": "local_rel",
        "V_grid": [
          -0.2,
          -0.1,
          0.0,
          0.1,
          0.15,
          0.2,
          0.25,
          0.3,
          0.4,
          0.5,
          0.6
        ],
        "n_voltages": 11,
        "sv_min": 68.05047731511755,
        "sv_max": 56431.68603869524,
        "cond_F": 687675.7356493742,
        "ridge_cos": 0.08563899700348772,
        "weak_eigvec_log_k0_1_component": 0.9960183695383138,
        "weak_eigvec": {
          "log_k0_1": 0.9960183695383138,
          "log_k0_2": 0.08553647538357974,
          "alpha_1": -0.024455922352734256,
          "alpha_2": -0.005729466211650971
        },
        "fim_diagonal": [
          240211.94040208674,
          247604.91202012877,
          860340621.3298601,
          2328382918.1234827
        ],
        "correlation_matrix": [
          [
            1.0,
            -0.954326670650194,
            0.989530037152255,
            -0.9827150676757128
          ],
          [
            -0.954326670650194,
            1.0,
            -0.9671783817135396,
            0.9754791569630982
          ],
          [
            0.989530037152255,
            -0.9671783817135396,
            1.0,
            -0.9962924691236532
          ],
          [
            -0.9827150676757128,
            0.9754791569630982,
            -0.9962924691236532,
            1.0
          ]
        ],
        "leverage_by_voltage": {
          "-0.20": 0.011342443288561582,
          "-0.10": 0.9846899078678258,
          "+0.00": 2.007347883669231e-06,
          "+0.10": 1.058447221869615e-08,
          "+0.15": 1.0223297759394564e-06,
          "+0.20": 4.671030648507861e-05,
          "+0.25": 0.000779195707284519,
          "+0.30": 1.842014921501607e-05,
          "+0.40": 1.568510344296671e-06,
          "+0.50": 0.0024882804108277146,
          "+0.60": 0.0006304334973242093
        },
        "weak_dir_contribution_by_voltage": {
          "-0.20": 0.010512494646564015,
          "-0.10": 0.00010919471082711093,
          "+0.00": 3.847952027280753e-06,
          "+0.10": 5.953292850991809e-09,
          "+0.15": 7.563198383344772e-08,
          "+0.20": 0.00015567507192429177,
          "+0.25": 0.015413138409353905,
          "+0.30": 0.007950726610369382,
          "+0.40": 0.007876970824350396,
          "+0.50": 0.021970047570710742,
          "+0.60": 0.9360078226185957
        }
      }
    ]
  }
}